1002 
998 
997 
992 
990 
1002 
1002 
998 
999 
999 
1000 
1000 
1002 
998 
997 
1002 
998 
990 
995 
998 
998 
990 
992 
998 
996 
998 
1002 
996 
1000 
997 
990 
998 
993 
998 
990 
998 
995 
998 
998 
998 
1002 
991 
993 
999 
999 
992 
998 
998 
998 
983 
997 
999 
999 
998 
998 
999 
998 
999 
999 
1000 
997 
1002 
998 
990 
990 
1000 
989 
993 
998 
1002 
991 
1002 
999 
996 
990 
990 
996 
998 
998 
998 
998 
993 
999 
999 
1000 
991 
1000 
997 
998 
998 
998 
992 
1000 
1002 
986 
1002 
1002 
997 
998 
995 
989 
997 
1002 
991 
1000 
993 
1002 
1002 
999 
1002 
1002 
1000 
991 
998 
991 
994 
995 
993 
998 
996 
1002 
998 
995 
1000 
998 
999 
999 
1002 
988 
990 
990 
998 
1002 
998 
991 
1002 
1002 
998 
997 
1000 
995 
1002 
998 
993 
998 
999 
1000 
1000 
1000 
999 
1002 
999 
998 
998 
990 
1000 
1002 
990 
993 
991 
998 
1002 
998 
998 
998 
998 
